function [s, t, p, w] = FEA_GaussianIntegral()
	%% Node 1: [-1 -1 -1]
	%% Node 2: [1 -1 -1]
	%% Node 3: [1 1 -1]
	%% Node 4: [-1 1 -1]
	%% Node 5: [-1 -1 1]
	%% Node 6: [1 -1 1]
	%% Node 7: [1 1 1]
	%% Node 8: [-1 1 1]	
	%				*8			*7
	%			*5			*6
	%					p
	%				   |__s (parametric coordinate system)
	%				  /-t
	%				*4			*3
	%			*1			*2
	%
	%				Gaussian point	
	s = [-0.577350269189626 0.577350269189626 0.577350269189626 -0.577350269189626 ...
			-0.577350269189626 0.577350269189626 0.577350269189626 -0.577350269189626]';
	t = [-0.577350269189626 -0.577350269189626 0.577350269189626 0.577350269189626 ...
			-0.577350269189626 -0.577350269189626 0.577350269189626 0.577350269189626]';
	p = [-0.577350269189626 -0.577350269189626 -0.577350269189626 -0.577350269189626 ...
			0.577350269189626 0.577350269189626 0.577350269189626 0.577350269189626]';
	w = [1.0, 1.0, 1.0, 1.0, 1.0, 1.0, 1.0, 1.0]';	
end